Glow Editor:


Red:    0.300000
Greem:  0.450000
Blue:   0.200000


Nombre del set: _-Diadema-_